1.0
1.0
1.090000033378601
3.190000057220459
6.340000152587891
9.079999923706055
10.520000457763672
11.460000038146973
12.420000076293945
13.670000076293945
15.260000228881836
16.709999084472656
17.760000228881836
18.850000381469727
20.100000381469727
20.829999923706055
21.959999084472656
22.600000381469727
23.8700008392334
24.260000228881836
24.450000762939453
25.290000915527344
26.43000030517578
26.65999984741211
26.969999313354492
27.6200008392334
27.6299991607666
28.809999465942383
29.25
29.6200008392334
30.110000610351562
30.6299991607666
30.600000381469727
31.389999389648438
31.940000534057617
32.22999954223633
32.45000076293945
32.779998779296875
33.130001068115234
33.439998626708984
33.720001220703125
34.09000015258789
34.2599983215332
34.36000061035156
34.68000030517578
34.84000015258789
35.130001068115234
35.220001220703125
35.470001220703125
35.83000183105469
35.90999984741211
36.380001068115234
36.650001525878906
36.880001068115234
37.11000061035156
37.58000183105469
37.27000045776367
37.65999984741211
37.529998779296875
38.08000183105469
37.95000076293945
38.11000061035156
38.38999938964844
38.54999923706055
38.599998474121094
38.75
38.54999923706055
38.880001068115234
38.95000076293945
39.029998779296875
39.06999969482422
39.11000061035156
39.220001220703125
39.470001220703125
39.54999923706055
39.439998626708984
39.20000076293945
39.5
39.86000061035156
39.779998779296875
39.90999984741211
40.060001373291016
40.20000076293945
40.47999954223633
40.45000076293945
40.689998626708984
40.70000076293945
41.150001525878906
40.93000030517578
40.939998626708984
41.0
41.029998779296875
41.0
40.720001220703125
41.38999938964844
41.119998931884766
41.189998626708984
41.61000061035156
41.38999938964844
41.900001525878906
