1.0
1.190000057220459
1.2599999904632568
3.0399999618530273
5.96999979019165
7.480000019073486
9.949999809265137
11.649999618530273
12.569999694824219
13.970000267028809
14.869999885559082
17.040000915527344
18.450000762939453
19.489999771118164
19.829999923706055
20.889999389648438
21.670000076293945
22.510000228881836
23.030000686645508
23.93000030517578
24.670000076293945
25.280000686645508
26.0
26.610000610351562
27.059999465942383
27.850000381469727
28.09000015258789
28.59000015258789
29.65999984741211
29.959999084472656
30.209999084472656
30.540000915527344
31.280000686645508
31.059999465942383
31.93000030517578
32.060001373291016
32.290000915527344
32.439998626708984
32.900001525878906
33.0
33.459999084472656
33.81999969482422
33.810001373291016
34.16999816894531
34.40999984741211
34.689998626708984
35.0099983215332
35.290000915527344
35.189998626708984
35.61000061035156
35.59000015258789
36.02000045776367
36.060001373291016
36.20000076293945
36.06999969482422
36.38999938964844
36.75
37.0099983215332
36.689998626708984
36.88999938964844
37.22999954223633
37.540000915527344
37.56999969482422
37.63999938964844
38.060001373291016
38.189998626708984
38.349998474121094
38.22999954223633
38.369998931884766
38.599998474121094
38.619998931884766
38.5
38.88999938964844
38.650001525878906
38.779998779296875
39.16999816894531
39.119998931884766
39.130001068115234
38.95000076293945
39.16999816894531
39.70000076293945
40.17000045776367
40.38000030517578
40.459999084472656
40.720001220703125
40.15999984741211
40.24999923706055
40.35999984741211
40.4900016784668
40.47999954223633
40.130001068115234
40.50999984741211
40.189998626708984
40.340000915527344
40.56000061035156
40.740000915527344
40.85000076293945
41.139998626708984
41.260001373291016
41.309999084472656
