1.0
1.0199999809265137
1.409999966621399
2.809999942779541
4.639999866485596
6.349999904632568
7.949999809265137
8.5600004196167
9.680000305175781
10.800000190734863
11.989999771118164
13.149999618530273
14.220000267028809
14.529999732971191
15.6899995803833
17.170000076293945
17.40999984741211
18.239999771118164
19.209999084472656
19.860000610351562
20.75
21.15999984741211
21.790000915527344
22.709999084472656
23.68000030517578
23.68000030517578
24.540000915527344
25.0
25.200000762939453
25.940000534057617
26.549999237060547
26.780000686645508
27.270000457763672
28.110000610351562
28.549999237060547
29.309999465942383
29.559999465942383
30.059999465942383
30.700000762939453
30.93000030517578
30.93000030517578
31.350000381469727
32.119998931884766
32.439998626708984
32.630001068115234
32.58000183105469
33.220001220703125
33.459999084472656
33.810001373291016
33.790000915527344
34.040000915527344
33.900001525878906
34.65999984741211
34.2400016784668
34.63999938964844
34.689998626708984
34.88999938964844
35.27000045776367
35.29999923706055
36.189998626708984
36.0099983215332
36.290000915527344
36.189998626708984
36.18000030517578
36.41999816894531
36.540000915527344
36.7599983215332
37.040000915527344
37.0099983215332
37.2599983215332
37.599998474121094
37.52000045776367
37.650001525878906
37.86000061035156
38.45000076293945
37.63999938964844
38.15999984741211
38.25
38.56999969482422
38.529998779296875
38.72999954223633
38.790000915527344
38.91999816894531
39.11000061035156
39.279998779296875
39.439998626708984
39.4900016784668
39.720001220703125
39.709999084472656
39.54999923706055
39.7400016784668
39.81999969482422
40.380001068115234
40.11000061035156
40.5099983215332
40.790000915527344
41.029998779296875
40.88999938964844
40.779998779296875
41.15999984741211
