4.211228480300096
3.669921630708611
3.5135449719077694
3.432805884221789
3.35392795097374
3.281020728494399
3.200799515509814
3.125917994697363
3.042681904173565
2.973643272634215
2.8823963605742557
2.823079727785593
2.7306580097111954
2.665156384527501
2.5887364566907474
2.494033123020469
2.427958236602888
2.3621134602235205
2.31707805568141
2.2795296913589547
2.2482448368003687
2.2050733214937948
2.1498552324744176
2.1103735972773037
2.0810466817846387
2.0794922681788917
2.034823513106094
2.010903542999591
1.9996663766163827
1.9671041315340188
1.937233641851039
1.9417674487494834
1.907190668107732
1.8963464035939068
1.8640369007207405
1.8745183010043975
1.8440042674527581
1.8425042045879767
1.8146480524618676
1.8132267808504556
1.7920548530711047
1.7821853454005236
1.7825633899378266
1.76458639339742
1.7568719776483257
1.7538223798953536
1.7362177171678668
1.7250403713852347
1.721563135769461
1.7065293159099273
1.6974455581687353
1.6913937765833007
1.6816715212777102
1.673141807052813
1.6682444403557002
1.6655776722427584
1.6552518897045523
1.6418906215515523
1.6471226832258847
1.642649377838953
1.6336719274638472
1.625045060892041
1.6163469236315735
1.6176056702226957
1.609122584052451
1.6021090218777558
1.5976523550145898
1.6096830354142448
1.5949364951686682
1.5881927864485765
1.5767526166599555
1.5685551864891198
1.5741128071140027
1.552429390254781
1.5514872464728524
1.5481034934799183
1.5398125488572958
1.545226887634964
1.5437084076936411
1.538308816095834
1.535957967659354
1.5292280019131874
1.5280964332701483
1.5363592637451833
1.5167610093614143
1.5139827517957973
1.506190060911511
1.508339669200403
1.4963340104567737
1.5080256989034653
1.4885184878552773
1.492649966767647
1.4731311773940758
1.4947286301987506
1.476921550163893
1.4784798318447212
1.4747402846138593
1.483268481530664
1.4688203021964907
1.473944301689103
