10.0
10.0
10.010000228881836
14.65999984741211
20.610000610351562
18.420000076293945
19.329999923706055
19.459999084472656
24.200000762939453
20.3799991607666
26.510000228881836
28.030000686645508
31.209999084472656
26.850000381469727
32.900001525878906
31.770000457763672
34.06999969482422
36.029998779296875
34.900001525878906
41.09000015258789
37.38999938964844
36.43000030517578
38.63999938964844
41.849998474121094
41.83000183105469
42.58000183105469
44.95000076293945
45.060001373291016
44.91999816894531
41.68000030517578
46.59000015258789
45.290000915527344
46.5
47.7400016784668
48.20000076293945
49.810001373291016
47.88999938964844
48.40999984741211
49.220001220703125
49.95000076293945
50.25
49.970001220703125
51.20000076293945
50.88999938964844
50.20000076293945
48.70000076293945
51.220001220703125
52.54999923706055
53.380001068115234
52.16999816894531
53.84000015258789
53.290000915527344
53.7599983215332
53.93000030517578
54.16999816894531
53.459999084472656
54.75
54.849998474121094
55.79999923706055
55.380001068115234
52.959999084472656
55.0
55.15999984741211
55.5099983215332
55.27000045776367
55.380001068115234
55.7400016784668
56.91999816894531
56.650001525878906
56.869998931884766
55.25
54.849998474121094
56.90999984741211
55.7599983215332
57.41999816894531
57.290000915527344
57.209999084472656
58.13999938964844
57.52000045776367
57.86000061035156
57.06999969482422
58.09000015258789
58.0
59.08000183105469
58.720001220703125
57.099998474121094
58.65999984741211
57.5099983215332
58.11000061035156
59.22999954223633
58.7599983215332
59.310001373291016
58.81999969482422
59.060001373291016
59.709999084472656
59.310001373291016
59.08000183105469
59.88999938964844
58.2599983215332
59.0099983215332
