10.0
10.0
15.630000114440918
15.4399995803833
20.809999465942383
21.030000686645508
22.889999389648438
26.739999771118164
29.68000030517578
30.360000610351562
28.559999465942383
28.950000762939453
36.849998474121094
31.920000076293945
34.61000061035156
34.16999816894531
35.22999954223633
36.77000045776367
39.02000045776367
39.43000030517578
40.70000076293945
38.72999954223633
44.02000045776367
42.04999923706055
42.7400016784668
40.720001220703125
41.720001220703125
42.88999938964844
44.93000030517578
46.83000183105469
44.40999984741211
48.66999816894531
47.09000015258789
47.369998931884766
46.75
48.47999954223633
49.65999984741211
49.56999969482422
48.58000183105469
49.529998779296875
49.97999954223633
49.7599983215332
49.4900016784668
50.810001373291016
52.5
52.5
50.09000015258789
51.02000045776367
52.0
52.18000030517578
53.0099983215332
54.7599983215332
54.15999984741211
52.61000061035156
55.84000015258789
51.95000076293945
53.40999984741211
55.04999923706055
55.810001373291016
53.75
51.650001525878906
55.79999923706055
54.939998626708984
52.95000076293945
54.41999816894531
53.27000045776367
54.08000183105469
52.83000183105469
57.720001220703125
51.060001373291016
54.08000183105469
56.060001373291016
53.95000076293945
53.220001220703125
55.869998931884766
53.20000076293945
56.43000030517578
53.2599983215332
54.310001373291016
55.209999084472656
56.41999816894531
56.790000915527344
54.27000045776367
56.43000030517578
54.439998626708984
55.36000061035156
57.119998931884766
56.79999923706055
58.119998931884766
56.619998931884766
57.060001373291016
57.56999969482422
57.93000030517578
58.72999954223633
57.400001525878906
58.52000045776367
58.18000030517578
58.63999938964844
58.880001068115234
58.630001068115234
