10.0
10.0
10.0
16.639999389648438
18.290000915527344
20.989999771118164
18.610000610351562
18.100000381469727
18.799999237060547
18.260000228881836
23.719999313354492
25.790000915527344
24.1299991607666
23.950000762939453
27.440000534057617
31.59000015258789
30.739999771118164
31.40999984741211
32.040000915527344
33.5099983215332
33.54999923706055
32.81999969482422
36.16999816894531
35.63999938964844
35.220001220703125
37.95000076293945
38.5099983215332
34.720001220703125
37.779998779296875
39.869998931884766
36.779998779296875
39.68000030517578
38.849998474121094
39.77000045776367
40.150001525878906
42.13999938964844
40.7599983215332
38.5
43.279998779296875
43.27000045776367
44.209999084472656
41.040000915527344
40.040000915527344
44.189998626708984
44.619998931884766
43.119998931884766
43.63999938964844
45.52000045776367
43.27000045776367
45.380001068115234
45.779998779296875
45.380001068115234
46.04999923706055
46.77000045776367
47.2400016784668
46.04999923706055
48.81999969482422
47.77000045776367
47.72999954223633
47.31999969482422
48.25
48.81999969482422
49.689998626708984
50.0099983215332
50.29999923706055
49.5
50.400001525878906
48.83000183105469
48.91999816894531
49.38999938964844
50.310001373291016
50.97999954223633
51.61000061035156
52.43000030517578
52.560001373291016
51.52000045776367
52.90999984741211
51.400001525878906
53.27000045776367
52.06999969482422
52.029998779296875
52.52000045776367
51.779998779296875
51.2599983215332
50.900001525878906
52.43000030517578
51.439998626708984
52.59000015258789
52.880001068115234
53.540000915527344
54.970001220703125
53.060001373291016
51.689998626708984
53.2599983215332
54.849998474121094
54.84000015258789
54.439998626708984
53.9900016784668
54.43000030517578
54.77000045776367
