10.0
16.65999984741211
21.270000457763672
29.229999542236328
29.360000610351562
34.06999969482422
33.869998931884766
35.84000015258789
36.68000030517578
39.11000061035156
39.849998474121094
39.36000061035156
43.18000030517578
44.58000183105469
43.849998474121094
43.189998626708984
45.619998931884766
48.83000183105469
49.959999084472656
50.40999984741211
50.029998779296875
52.7599983215332
51.79999923706055
53.06999969482422
52.08000183105469
54.27000045776367
54.470001220703125
54.88999938964844
55.47999954223633
55.06999969482422
56.34000015258789
54.709999084472656
55.81999969482422
55.34000015258789
53.88999938964844
56.93000030517578
57.599998474121094
57.38999938964844
59.060001373291016
58.4900016784668
59.95000076293945
58.2599983215332
59.369998931884766
58.779998779296875
60.459999084472656
59.59000015258789
60.59000015258789
59.58000183105469
60.189998626708984
60.59000015258789
61.22999954223633
61.029998779296875
61.45000076293945
60.779998779296875
62.209999084472656
61.56999969482422
61.90999984741211
62.34000015258789
62.119998931884766
61.91999816894531
61.720001220703125
62.91999816894531
62.81999969482422
61.849998474121094
63.61000061035156
62.9900016784668
61.90999984741211
62.81999969482422
62.81999969482422
62.630001068115234
62.75
63.29999923706055
63.09000015258789
63.52000045776367
61.86000061035156
63.43000030517578
62.369998931884766
63.29999923706055
64.19000244140625
63.81999969482422
63.2400016784668
63.7599983215332
64.20999908447266
64.0
64.23999786376953
63.5
63.20000076293945
64.5
63.56999969482422
63.66999816894531
62.84000015258789
63.040000915527344
64.29000091552734
64.41000366210938
62.83000183105469
63.18000030517578
63.529998779296875
64.25
64.62999725341797
64.81999969482422
