1.0112397179946753
0.8874775379483725
0.7927008290611733
0.7350857863210535
0.7958503025732013
0.7435270858260183
0.6031103906724885
0.7222471296691211
0.7653487709814445
0.6110279184081229
0.5847650993138895
0.5853283007330102
0.5511810334013489
0.4958262052214449
0.515863030403434
0.45864885047663695
0.39368697739435365
0.339915767928146
0.3696252976929679
0.36301229471727847
0.30909514370775837
0.3094397944642354
0.2864219293745397
0.2598627632647712
0.26624146771810947
0.2334174459189627
0.2365333618500773
0.254310673774951
0.2263972606777075
0.22463933270878114
0.2227635803498244
0.20219107582477916
0.1791075015738826
0.201295967806814
0.8926697551511683
0.3142461332554481
0.18917842526687373
0.1679752973015284
0.1734082240798532
0.16043066011438092
0.1658032208069385
0.162500785297589
0.17716285855508226
0.14941680717835912
0.148950012269413
0.14978635636945775
0.1547612093789929
0.14788732424399958
0.14308283202089636
0.13914867249810114
0.12184175981828241
0.1243247800197278
0.15007116265105078
0.142458013085045
0.15858431660825456
0.12738671425667586
0.1244722315078891
0.1227393101996978
0.10906996153330493
0.11523038083223151
0.11676453104706304
0.12293934195451048
0.1130153687371572
0.11867235454017507
0.1201872318061
0.11256677931242932
0.10758248632894916
0.1082746428373361
0.09599161190575294
0.09773664867046268
0.10506814737980469
0.10126767636651413
0.12898724272144005
0.108316763355652
0.13045498120996774
0.0909051630897189
0.09324346554149532
0.10363006024901168
0.09803104758028544
0.08499318512794314
0.08730304791097265
0.08968059737400068
0.08508294747522192
0.0779238067165132
0.08618240181774858
0.0833337809294116
0.09666518791086026
0.07639633409419237
0.09286541726848307
0.07641956810050954
0.07498997053700274
0.07838823906346674
0.0806108520438263
0.08859721613912837
0.07883021654421964
0.06597929579651667
0.09004041927510335
0.08167386807569715
0.08388310453141738
0.08341416792992348
