10.0
18.920000076293945
25.389999389648438
29.799999237060547
31.860000610351562
32.649999618530273
33.119998931884766
35.369998931884766
37.959999084472656
41.72999954223633
42.290000915527344
40.61000061035156
46.25
47.56999969482422
47.560001373291016
48.70000076293945
50.41999816894531
49.849998474121094
45.650001525878906
50.560001373291016
49.119998931884766
52.400001525878906
51.06999969482422
53.119998931884766
52.84000015258789
55.209999084472656
53.470001220703125
54.02000045776367
54.970001220703125
55.130001068115234
56.060001373291016
57.04999923706055
57.810001373291016
57.25
57.380001068115234
57.7400016784668
55.720001220703125
56.900001525878906
56.529998779296875
58.38999938964844
58.150001525878906
55.90999984741211
56.91999816894531
59.29999923706055
57.31999969482422
56.5099983215332
59.29999923706055
58.7599983215332
59.779998779296875
59.709999084472656
58.77000045776367
59.790000915527344
59.91999816894531
58.59000015258789
57.4900016784668
59.650001525878906
61.13999938964844
59.810001373291016
60.720001220703125
61.38999938964844
60.41999816894531
59.75
61.5
61.04999923706055
62.25
61.33000183105469
60.25
60.939998626708984
61.560001373291016
61.619998931884766
61.83000183105469
60.810001373291016
61.630001068115234
61.279998779296875
60.5099983215332
61.75
62.869998931884766
62.68000030517578
61.779998779296875
62.25
60.900001525878906
62.27000045776367
61.83000183105469
61.77000045776367
60.779998779296875
60.72999954223633
62.77000045776367
61.709999084472656
61.369998931884766
61.540000915527344
62.11000061035156
63.88999938964844
64.529998779296875
63.04999923706055
62.86000061035156
64.31999969482422
62.40999984741211
63.13999938964844
63.0099983215332
64.130001068115234
