0.9404100351480575
0.8156341522745753
0.7176589000957211
0.5959915431369455
0.7258923383597914
0.5557949859013973
0.5840756316706522
0.5007818114261646
0.4586287156416148
0.409418698383421
0.4560850301571571
0.3934015572255072
0.33327629899406597
0.382019907023886
0.2963767657568797
0.33000581601798556
0.2653509954799072
0.25816878150940764
0.23695582912463656
0.19717151295086446
0.21734499262114707
0.20615383537703488
0.23162676116638498
0.18948302017488697
0.17843367675351368
0.16244963401423773
0.18108295037934205
0.16929592429047882
0.1712309711230783
0.15246741254405383
0.1591892637520901
0.14951960556389124
0.1340979959835713
0.12249894408290812
0.13235951131082926
0.1319889936329623
0.13993333354221435
0.12104144452742491
0.10516561050058564
0.1030990060563688
0.11056637931868313
0.1156655759942933
0.11298597008926178
0.0979793351474412
0.09396227688760557
0.10201277588567578
0.09416126794324539
0.11192945942216116
0.1004663634330386
0.09147741256621393
0.07874906110058234
0.0919074021465094
0.08786296373074325
0.09273986893535834
0.08968432813622525
0.072917304082765
0.09157259253211407
0.08131898845637303
0.07544059186421269
0.7650913435728932
0.809694049557174
0.736176497768989
0.7630999621900308
0.6036619487247135
0.6439802255299535
0.5520010822639391
0.5860085018333094
0.5057170821083085
0.46024635936014896
0.46572191522037637
0.43285995357842116
0.3856488416869073
0.3825241575194534
0.36489799730006717
0.3241515384070625
0.3078068172132282
0.25290624499884434
0.29786175496334677
0.2405860786364208
0.2403966056496493
0.2509172158172923
0.24804772816860182
0.18523399471853222
0.20902439103936793
0.18051500217747837
0.16719939508543985
0.17503513514709754
0.19020574218784794
0.17522996059742388
0.15276598386690393
0.14839936877082474
0.14687842874014695
0.1379888327834773
0.1350466037948701
0.13019039546305405
0.1314711682873186
0.12377552857753242
0.11349230433118702
0.11654083536282665
0.120275576933556
0.125280739965941
0.12732057782225434
0.1238029845165226
0.09431502137065377
0.09594210517324499
0.10914948661507491
0.11754003580043171
0.101553131782496
0.1047109992902839
0.08392686274324627
0.0994076122627334
0.09231513854372911
0.08051151969873459
0.10260050872525928
0.08381490828796
0.0995540130271478
0.06455863621231553
0.08478370172608543
0.08966987583184628
0.07460170071393485
0.07498574725154694
0.08844743296299222
0.9704821935123298
0.7656715055454131
0.7388030184401562
0.7697051573240715
0.6214234261650824
0.6114241200231992
0.5924102919081409
0.5484580299300656
0.46328062653027935
0.8432047017597234
0.8436334294752312
0.7839416238105377
0.5923421021999826
0.6816742099086106
0.5380569158213727
0.6116508205403198
0.549244558075452
0.48763032717081134
0.47575077620555833
0.44391822581873136
0.4130905315823364
0.4208591354990461
0.33068889770773335
0.30730513851610775
0.2945762295457285
0.2566822388812163
0.26230016337378076
0.2194376891682044
0.23178060290215194
0.23166338955759194
0.2789135641443938
0.18813386701545529
0.2005852510101711
0.1866692864506323
0.20188339693925247
0.15744207595844995
0.19605092851722597
0.1805358894871759
0.14205261854211093
0.18214860159626028
0.15765056286422724
0.19749965810636222
0.1411808843210956
0.14154200954001422
0.12490146513976748
0.14579482058158105
0.12116910533421947
0.11948574862777925
0.12272684744657036
0.11436709315596547
0.14327537934559362
0.11899258154069593
0.11514872931851901
0.10694635603577854
0.10916319542591513
0.12145454742283959
0.10680871442942015
0.10279781732257866
0.09832078013043115
0.10545577063240621
0.1069004390813936
0.10281145961897539
0.09420901156287705
0.10276828019500993
0.10581245576103192
0.10106510745367915
0.10114158065522608
0.08657950849664758
0.09756849155842605
0.07049801355768993
0.09138585775945528
0.08056133372101351
0.08191502814418491
0.08662873949633323
0.0751741902162939
0.07224915803902081
0.0834911200802836
0.08130067154792181
0.08070244990677637
0.06322559593679399
0.07249004611879942
0.08272501893673187
0.05997328897433542
0.0544089310315435
0.09148758470075075
0.06412277268231863
0.05930123716344263
0.07168686698333368
0.045919305181984234
0.06466409978214026
0.08979971852579376
0.06279087272988307
0.0634766988391698
0.06778519170610586
0.058740130272886444
0.06137110243946575
0.07237057792900364
0.040242379512182784
0.053566347466281666
0.06314816115616234
0.02712651026441617
0.06149117917235443
0.054685721635297564
0.07158604306139073
0.03816673466507782
0.07492780974016688
0.143597620829314
0.04818627714819687
0.04511576636280714
