1.160066204348851
0.9692703416381007
0.8587296586326937
0.8921421382216718
0.8541003859988046
0.8055516225676566
0.6626205238693325
0.7506885541056728
0.6236529496047535
0.6772671687768704
0.6262656273606443
0.5817394394205688
0.5880863619136363
0.587385811034053
0.5400784303568152
0.5473625376791084
0.508102411939935
0.48898222324771
0.5322392831895346
0.4223529395542795
0.4701561781250503
0.4445067398276977
0.3798705646102822
0.40967177412952877
0.3825529170388132
0.35749823649544354
0.35153526483438907
0.3612732695527116
0.353349160483721
0.36379851383716094
0.3401844207040949
0.2354583320713785
0.3098484615057233
0.2347866326133247
0.2548814943224621
0.28786202146421097
0.2399537068995144
0.24579134449909973
0.20791285830205644
0.21889461014064596
0.1948316503340971
0.2715162441775113
0.22686215275462676
0.21045884779287066
0.2621931546951152
0.19378008589780635
0.16886292595785804
0.20062746134865997
0.1990926671069969
0.1922205952524743
0.1770496499434659
0.16810414101589863
0.20798008393018785
0.19476504440998846
0.18441590766787358
0.182236834297159
0.1797963887286708
0.14846915584649079
0.1485706845193086
0.14133561141128956
0.13311548633238057
0.1570908569388441
0.13867886313921404
0.13580071873940971
0.14405631989598638
0.15157511315448735
0.1769446141457822
0.13021691508496736
0.14531025295254008
0.141551017408202
0.15243799433677474
0.1443734380402556
0.14973073076605659
0.1465124595654263
0.17219408515648682
0.2054077434003074
0.10974657774906624
0.1259386856060883
0.12080529147018985
0.13346764321502586
0.11438971524759375
0.13261578294835422
0.16018125098243186
0.16199912793283663
0.10143516937336013
0.12316004388841818
0.11918743864629867
0.11373269342650291
0.09676676291371586
0.13890539279342218
0.12344459171396936
0.1513861631165681
0.13426782479664393
0.12172442998145099
0.10972106706316408
0.11576949765175122
0.08350830987594711
0.11022387395094854
0.10179917745299492
0.0935485893169108
