10.0
10.0
20.0
22.049999237060547
20.239999771118164
27.31999969482422
23.190000534057617
28.1299991607666
28.239999771118164
29.239999771118164
28.729999542236328
33.16999816894531
31.200000762939453
39.58000183105469
41.90999984741211
38.75
42.33000183105469
42.38999938964844
41.7400016784668
45.560001373291016
43.72999954223633
46.27000045776367
46.86000061035156
47.459999084472656
48.86000061035156
46.150001525878906
49.720001220703125
50.97999954223633
47.27000045776367
51.56999969482422
51.209999084472656
51.599998474121094
52.45000076293945
52.93000030517578
52.380001068115234
51.95000076293945
53.93000030517578
52.349998474121094
54.150001525878906
53.869998931884766
54.43000030517578
54.400001525878906
54.81999969482422
54.34000015258789
55.70000076293945
54.0
55.0
55.70000076293945
54.47999954223633
55.47999954223633
55.470001220703125
56.459999084472656
56.59000015258789
55.790000915527344
56.84000015258789
57.290000915527344
57.630001068115234
57.790000915527344
57.84000015258789
58.5099983215332
58.310001373291016
56.90999984741211
58.7400016784668
58.5
57.9900016784668
57.91999816894531
59.290000915527344
59.0
58.45000076293945
57.959999084472656
58.0099983215332
59.84000015258789
59.88999938964844
58.83000183105469
59.709999084472656
58.34000015258789
58.52000045776367
59.54999923706055
58.83000183105469
60.11000061035156
59.93000030517578
60.47999954223633
58.720001220703125
58.150001525878906
59.970001220703125
61.0099983215332
60.310001373291016
60.90999984741211
61.54999923706055
59.369998931884766
62.15999984741211
60.09000015258789
61.130001068115234
61.02000045776367
61.95000076293945
62.599998474121094
62.04999923706055
61.31999969482422
62.22999954223633
62.81999969482422
