0.9673325973170244
0.9820324334507283
0.7683613999810505
0.8233962835232068
0.7699759654172131
0.741369237591284
0.7553232052200278
0.5799101111334368
0.7139234627813243
0.6219531276083765
0.6768651568920458
0.6412778280287202
0.7423727123617313
0.6144913485956021
0.6475699186728165
0.5550842678361928
0.5376474405052449
0.5264127970201081
0.46696123520272675
0.48253374042111125
0.45362517269347974
0.4570873568402861
0.4129962218064017
0.38592500920817036
0.4116667653565425
0.3668565866943609
0.4029918055184762
0.34016341449674387
0.269483043318712
0.36356064370504076
0.30372951436854645
0.29323309589662083
0.29849117960347754
0.24437879369641055
0.2624688339763688
0.25764153293205744
0.24668316639100585
0.24869769670623904
0.2361275986949939
0.2235488004211274
0.21960000335356378
0.23780245714393994
0.2075125802196802
0.2201965698594788
0.2098990227575572
0.20928215499269773
0.20914844933048518
0.17629169382076013
0.20428619710649074
0.1756675644837517
