10.0
10.0
14.59000015258789
15.239999771118164
17.540000915527344
24.559999465942383
18.399999618530273
24.700000762939453
24.420000076293945
25.75
22.020000457763672
20.479999542236328
26.579999923706055
31.68000030517578
33.9900016784668
30.209999084472656
33.79999923706055
37.630001068115234
35.380001068115234
36.75
33.380001068115234
35.65999984741211
39.470001220703125
40.0099983215332
42.900001525878906
41.61000061035156
41.16999816894531
43.16999816894531
44.2599983215332
45.66999816894531
43.27000045776367
44.09000015258789
44.7400016784668
46.08000183105469
47.16999816894531
47.779998779296875
47.54999923706055
48.7400016784668
48.11000061035156
49.90999984741211
49.790000915527344
50.2599983215332
50.470001220703125
49.40999984741211
50.06999969482422
52.0099983215332
51.369998931884766
51.599998474121094
51.2400016784668
52.279998779296875
