10.0
10.0
15.630000114440918
15.4399995803833
20.809999465942383
21.030000686645508
22.889999389648438
26.739999771118164
29.68000030517578
30.360000610351562
28.559999465942383
28.950000762939453
36.849998474121094
31.920000076293945
34.61000061035156
34.16999816894531
35.22999954223633
36.77000045776367
39.02000045776367
39.43000030517578
40.70000076293945
38.72999954223633
44.02000045776367
42.04999923706055
42.7400016784668
40.720001220703125
41.720001220703125
42.88999938964844
44.93000030517578
46.83000183105469
44.40999984741211
48.66999816894531
47.09000015258789
47.369998931884766
46.75
48.47999954223633
49.65999984741211
49.56999969482422
48.58000183105469
49.529998779296875
49.97999954223633
49.7599983215332
49.4900016784668
50.810001373291016
52.5
52.5
50.09000015258789
51.02000045776367
52.0
52.18000030517578
