1.0337933069533756
0.8789413351733387
0.8052467922718921
0.6992718421405202
0.7261562466705602
0.7078327944557236
0.6573602329666585
0.65372417150366
0.5094014409412544
0.49555322346025116
0.46218811460516956
0.42094333907687553
0.4288013805619149
0.4088403030258721
0.3670046085926601
0.33705299740459554
0.32919898600845393
0.3293136419273701
0.30568269784308444
0.28092731524445375
0.27370022175844627
0.30756581739882777
0.26710839133027686
0.252909824883304
0.24840429267903694
0.22443071252494043
0.20421659588935206
0.20659209210505422
0.21628105245717355
0.22318033500218168
0.19690993170847237
0.2194740253459025
0.18663649470761218
0.17418987685442017
0.18183417889834824
0.18201352687162864
0.173673572630059
0.18935864070092048
0.16181004542971358
0.15313486933497514
0.13717999850781348
0.15300514284923258
0.13605688846516886
0.156365930380977
0.13999007435943572
0.14896565008852877
0.11591541636865264
0.13045224114134926
0.14326408104998614
0.108570368071858
