10.0
13.930000305175781
10.010000228881836
14.800000190734863
17.639999389648438
20.690000534057617
22.549999237060547
24.860000610351562
20.670000076293945
23.3700008392334
23.3700008392334
26.790000915527344
32.36000061035156
31.649999618530273
31.479999542236328
35.040000915527344
32.900001525878906
34.130001068115234
34.689998626708984
35.08000183105469
34.0099983215332
36.5
36.08000183105469
37.52000045776367
35.599998474121094
39.029998779296875
38.9900016784668
37.369998931884766
36.689998626708984
38.4900016784668
38.34000015258789
38.459999084472656
40.349998474121094
40.34000015258789
41.25
42.08000183105469
42.220001220703125
43.220001220703125
41.29999923706055
42.4900016784668
44.630001068115234
45.75
45.29999923706055
46.36000061035156
45.09000015258789
44.33000183105469
47.040000915527344
46.77000045776367
45.779998779296875
46.040000915527344
