1.1023554984002548
1.1021261079265838
0.8150376258184889
0.9468077169458683
0.8106772574412565
0.9742204654220863
0.7706066985756609
0.5741379949486805
0.6608359428914795
0.47170053988505356
0.46684433832163297
0.592847926040513
0.5950766405048837
0.6146130343968489
0.5465052000981822
0.5465261188925038
0.5518607539120206
0.46606980266212655
0.39747067221625476
0.4790954142629887
0.4155124342117353
0.5305120619684698
0.41559248727567955
0.36884268854802904
0.36057727578082927
0.3969353001301065
0.3774345294883467
0.42506623234271257
0.3925067944140311
0.3548326557553185
0.39405753693512835
0.3511267550394834
0.27071859818107913
0.35573778489134006
0.3211185889056177
0.3066311879928628
0.32447479953242914
0.2929541175908277
0.32870034191096376
0.2911782983524081
0.27196614151332044
0.234948592210342
0.3387824122881014
0.2737560981096475
0.30634617653838586
0.24147616462498805
0.24574677658320823
0.2570017940124439
0.263232362851245
0.2387042173343965
