2.291369082724672
2.2367729964709215
2.090813062651501
1.9983326011157116
1.9184267628913776
1.840203086103062
1.7499694715595397
1.6372844086963965
1.553644718194041
1.4831976070847541
1.4076109495580544
1.3343088316101765
1.264691120139043
1.1728232630354811
1.0831671145291115
1.0176661805348817
0.9022094820286207
0.8612684036670583
0.8235549549098526
0.7673787115882875
0.7159958412807882
0.7149710899700962
0.6731316547002002
0.6399737726465488
0.6119942423840216
0.5883645566264674
0.5853316781126614
0.5426004530309724
0.5364941046286232
0.5138827387467374
0.5135953837285633
0.49226238689195206
0.4876874309499435
0.47222037363898256
0.45502752074423414
0.4475130490978785
0.4457339692431274
0.4288471979404875
0.42725071757643357
0.40016662404163067
0.41299308783103716
0.3904759926302232
0.3956145547753896
0.38668720790599326
0.385389601155458
0.37168313927174434
0.36358642777817235
0.36296214047611214
0.36381591656764084
0.3492576738531727
