18.5
24.170000076293945
26.010000228881836
29.15999984741211
33.0099983215332
36.2599983215332
38.93000030517578
40.400001525878906
42.54999923706055
43.880001068115234
44.93000030517578
46.0099983215332
47.65999984741211
49.2400016784668
50.2400016784668
51.52000045776367
52.029998779296875
52.81999969482422
53.41999816894531
53.90999984741211
54.31999969482422
54.79999923706055
55.150001525878906
55.7599983215332
56.279998779296875
55.91999816894531
56.34000015258789
57.13999938964844
56.47999954223633
57.41999816894531
57.470001220703125
57.70000076293945
58.060001373291016
58.529998779296875
58.61000061035156
58.790000915527344
58.86000061035156
58.959999084472656
59.02000045776367
59.5099983215332
59.58000183105469
60.18000030517578
60.310001373291016
60.11000061035156
60.41999816894531
60.38999938964844
60.83000183105469
60.91999816894531
61.029998779296875
61.29999923706055
