10.0
19.0
26.6299991607666
28.670000076293945
32.90999984741211
35.56999969482422
37.61000061035156
39.779998779296875
41.40999984741211
42.93000030517578
44.439998626708984
45.81999969482422
47.810001373291016
48.66999816894531
49.70000076293945
50.400001525878906
51.59000015258789
52.2400016784668
52.65999984741211
53.13999938964844
53.56999969482422
54.7599983215332
54.849998474121094
55.15999984741211
55.70000076293945
56.33000183105469
56.16999816894531
56.779998779296875
56.70000076293945
56.5099983215332
56.970001220703125
57.220001220703125
57.38999938964844
57.869998931884766
58.15999984741211
58.47999954223633
58.540000915527344
58.5
58.56999969482422
58.66999816894531
59.06999969482422
59.599998474121094
59.380001068115234
59.5
59.970001220703125
59.790000915527344
60.060001373291016
60.130001068115234
60.380001068115234
60.279998779296875
