2.2937538712362664
2.2833358753664754
2.18974260814702
2.027871914889201
1.9289551609213151
1.843284848202923
1.756549899652136
1.6810536088067927
1.5864683102521688
1.509188553784159
1.4357514298457077
1.332522578755113
1.259325834097015
1.1805513747212741
1.0759928537652692
1.007420584626262
0.9051805605714952
0.8407884578050073
0.8146067845531568
0.7216655549931346
0.7360310287949687
0.6658694695199291
0.6551053466350374
0.640220232592007
0.5851108755126234
0.5746904213751962
0.5397637135334311
0.5220343247583571
0.5199993990693789
0.48759866346798314
0.4818577370448715
0.46838574866934446
0.45065152426329946
0.4441386537063617
0.4295731188947227
0.4369463906350229
0.40946533973939714
0.4054965717223998
0.40176741310050024
0.37862092555852433
0.378595195365932
0.3976244786750446
0.3578278699311543
0.3640060423307492
0.36593378885460187
0.35465579559484767
0.33777077012702394
0.3339409307352528
0.32800502348888805
0.3120658308988883
