2.294894000430825
2.286108200986338
2.199424472508156
2.04284047806502
1.9558382424455139
1.847813288675368
1.7519444051295088
1.67227925970596
1.581887627951052
1.505475535448749
1.4012755370070076
1.3302399623400212
1.2508209536743706
1.160888207277597
1.0654939777304322
0.9822777634668394
0.9008340998296541
0.8422942363666951
0.7919651202329543
0.7456903372518641
0.6916083815383774
0.6841748529033359
0.626624981510453
0.600878113963835
0.5978927481385677
0.5598032197121836
0.5710684578954677
0.5202889849557087
0.5373001563558841
0.4994394500555559
0.47524577685924163
0.4805684052458408
0.4690436176661515
0.4556326218082993
0.4450793346258809
0.43732758743730266
0.41298287990398264
0.4271887319828754
0.4133290755150268
0.4058678587095829
0.4070552602521625
0.3816849603712209
0.37409066464828933
0.37507372019153873
0.3710699657140093
0.36654162989099653
0.3404473387256662
0.3613591717720095
0.34247329957520717
0.3390378139123802
