10.210000038146973
14.760000228881836
25.700000762939453
28.020000457763672
31.920000076293945
35.06999969482422
38.13999938964844
40.09000015258789
41.36000061035156
42.959999084472656
44.630001068115234
46.25
48.29999923706055
49.65999984741211
50.31999969482422
50.93000030517578
52.43000030517578
53.09000015258789
53.86000061035156
54.41999816894531
54.36000061035156
54.90999984741211
55.45000076293945
55.7400016784668
56.2599983215332
56.58000183105469
56.4900016784668
56.66999816894531
56.650001525878906
57.459999084472656
57.79999923706055
57.959999084472656
57.790000915527344
58.02000045776367
58.04999923706055
58.709999084472656
58.880001068115234
58.880001068115234
59.15999984741211
59.150001525878906
59.869998931884766
59.900001525878906
60.04999923706055
60.0099983215332
59.7599983215332
60.54999923706055
60.61000061035156
60.7599983215332
60.630001068115234
60.66999816894531
