1.986428124159833
1.8547741227283965
1.7701582737669634
1.6456550589894314
1.5719180682057017
1.523457419387512
1.4224140505263072
1.2982336598088322
1.2828847307696967
1.1882934132771399
1.1565826286397578
1.1014539431610664
1.0534670190912103
0.939612570546661
0.919283331993261
0.7861101643105054
0.7643231840197158
0.6760086030655234
0.6454021801624393
0.5814186575684077
0.5691573563954024
0.5486403474511315
0.5344433230772877
0.5060091135941283
0.49406212925659393
0.47563768688149716
0.4475519817418182
0.433868694273505
0.4392120536394826
0.4064475277622806
0.3966734139774694
0.37715742005013486
0.3821359681585686
0.37872631113163335
0.3567225560879493
0.34414154401926605
0.3547850797460446
0.33820693029281457
0.3291903382021783
0.32370458908260125
0.32544066960343926
0.3204117500027718
0.2904029274784882
0.2909974401456131
0.29356699699268834
0.2980118246485636
0.29713914576884654
0.27968283629480795
0.2851513666521911
0.26796096751690807
