10.0
19.299999237060547
27.93000030517578
30.260000228881836
33.83000183105469
36.31999969482422
38.97999954223633
39.75
41.970001220703125
43.5099983215332
44.54999923706055
45.81999969482422
47.95000076293945
49.75
51.13999938964844
51.7400016784668
52.36000061035156
53.459999084472656
54.220001220703125
54.88999938964844
55.04999923706055
55.369998931884766
56.04999923706055
56.47999954223633
56.79999923706055
57.27000045776367
57.25
57.7599983215332
58.2400016784668
58.70000076293945
58.61000061035156
59.29999923706055
59.4900016784668
59.20000076293945
59.83000183105469
59.79999923706055
60.209999084472656
60.400001525878906
60.36000061035156
60.72999954223633
60.630001068115234
60.93000030517578
61.2400016784668
61.599998474121094
61.709999084472656
61.619998931884766
62.18000030517578
62.16999816894531
62.11000061035156
62.59000015258789
