16.270000457763672
21.389999389648438
25.540000915527344
34.470001220703125
35.83000183105469
38.93000030517578
42.08000183105469
43.900001525878906
45.65999984741211
47.099998474121094
48.41999816894531
49.849998474121094
51.45000076293945
52.61000061035156
52.97999954223633
54.16999816894531
54.54999923706055
55.040000915527344
55.13999938964844
55.560001373291016
56.5099983215332
56.720001220703125
56.5099983215332
57.310001373291016
57.5099983215332
58.40999984741211
58.34000015258789
58.970001220703125
59.310001373291016
59.380001068115234
59.61000061035156
59.95000076293945
60.40999984741211
60.66999816894531
60.709999084472656
60.599998474121094
60.72999954223633
60.95000076293945
60.77000045776367
61.40999984741211
61.16999816894531
61.560001373291016
61.81999969482422
61.959999084472656
61.470001220703125
62.2599983215332
61.81999969482422
62.209999084472656
62.5
62.650001525878906
