1.9858171092661527
1.8056500238958886
1.750393741999742
1.6373098425509893
1.5150770902238209
1.4868616367912897
1.3491616572019305
1.2852661277399517
1.2214394984975134
1.0964019598513466
1.017717447822224
0.8943198676540425
0.8509305549964623
0.7694244073997432
0.6775442585798742
0.6659696166010002
0.6179348759538672
0.5741489462446195
0.5345476014506969
0.5279902253197215
0.48405637773387483
0.4715640829818994
0.4824845719684163
0.410626436108073
0.404540485808544
0.4074940777504387
0.38175259281397106
0.3999158073673849
0.38179342235483726
0.36020911181503945
0.3612117672078556
0.3278824317668156
0.3399663992896998
0.3294449111602733
0.32807477585243205
0.2962721397998097
0.3084437501320348
0.3090730647310611
0.29910857703950744
0.2772066149422098
0.25742334361890395
0.26327101453547397
0.26793963402664905
0.2625114142610349
0.2529343465870328
0.2599938220582407
0.26296080840744823
0.243579737992851
0.2350322071788907
0.24548152401220869
