1.9614883641538827
1.8535437295471815
1.775929434076258
1.6635174432401842
1.61681522041799
1.5278583293730315
1.480805897196715
1.4021913719564172
1.2946859232616277
1.2315918774257708
1.1315984350973645
1.0644392514014132
0.9931977615373263
0.9451356781755448
0.8902483355917296
0.7846755049224385
0.7745068741660522
0.7211775718482776
0.6625390107665164
0.6057846265847602
0.5962126460548972
0.6225135305370213
0.5641497602176009
0.5235768976017076
0.5119067592975242
0.4961805578048353
0.49236581420863335
0.4727300879263936
0.4420869209064214
0.43501401276690854
0.41872385972559395
0.4170191624329521
0.43225115863044467
0.3908041761424095
0.4028857187149591
0.38891246862441103
0.36277398034671665
0.35755405319829436
0.3444400530877887
0.36067993642844504
0.34548701281797506
0.33686877974437535
0.32563958894469697
0.3222612056057538
0.3232992627932884
0.3221322201278898
0.3089696933064497
0.31734789358045806
0.3192434149357824
0.3026436251108978
