15.869999885559082
21.860000610351562
24.489999771118164
28.65999984741211
33.47999954223633
34.709999084472656
38.45000076293945
39.06999969482422
42.369998931884766
43.13999938964844
44.36000061035156
45.779998779296875
48.040000915527344
48.630001068115234
50.25
50.58000183105469
51.959999084472656
51.619998931884766
51.77000045776367
53.36000061035156
54.02000045776367
54.2599983215332
55.0099983215332
55.20000076293945
55.630001068115234
55.58000183105469
56.13999938964844
56.5
56.38999938964844
56.790000915527344
57.0
57.86000061035156
57.619998931884766
57.939998626708984
58.06999969482422
57.93000030517578
58.540000915527344
58.5099983215332
58.79999923706055
58.810001373291016
59.33000183105469
59.810001373291016
59.099998474121094
59.25
59.70000076293945
60.04999923706055
60.2400016784668
60.09000015258789
60.38999938964844
60.45000076293945
